6283	1.7976931348623157E308	1170
5516	1.7976931348623157E308	0
701	1.7976931348623157E308	16992
5989	1.7976931348623157E308	5324
2717	1.7976931348623157E308	0
3022	1.7976931348623157E308	6521
2985	1.7976931348623157E308	0
2407	1.7976931348623157E308	3793
4925	1.7976931348623157E308	13574
2990	1.7976931348623157E308	0
2827	1.7976931348623157E308	0
7371	1.7976931348623157E308	49423
1102	1.7976931348623157E308	6
2724	1.7976931348623157E308	0
1503	1.7976931348623157E308	1934
2750	1.7976931348623157E308	0
1533	1.7976931348623157E308	214139
2414	1.7976931348623157E308	1590
6265	1.7976931348623157E308	3789
612	1.7976931348623157E308	13739
2422	1.7976931348623157E308	3952
5395	1.7976931348623157E308	11552
5152	1.7976931348623157E308	112404
6484	1.7976931348623157E308	0
5728	1.7976931348623157E308	16967
110	1.7976931348623157E308	0
4407	1.7976931348623157E308	0
6507	1.7976931348623157E308	7574
2028	1.7976931348623157E308	0
1495	1.7976931348623157E308	9165
2864	1.7976931348623157E308	0
2320	1.7976931348623157E308	3932
1011	1.7976931348623157E308	889
2485	1.7976931348623157E308	24500
1728	1.7976931348623157E308	32501
792	1.7976931348623157E308	0
5191	1.7976931348623157E308	0
2483	1.7976931348623157E308	19451
5888	1.7976931348623157E308	13863
376	1.7976931348623157E308	0
4111	1.7976931348623157E308	0
7817	1.7976931348623157E308	2613
7472	1.7976931348623157E308	0
4370	1.7976931348623157E308	610
5922	1.7976931348623157E308	0
2675	1.7976931348623157E308	13592
2413	1.7976931348623157E308	38042
6592	1.7976931348623157E308	0
4294	1.7976931348623157E308	0
2771	1.7976931348623157E308	40414
2404	1.7976931348623157E308	4475
1373	1.7976931348623157E308	20120
2789	1.7976931348623157E308	3789
7607	1.7976931348623157E308	0
610	1.7976931348623157E308	9424
2508	1.7976931348623157E308	0
887	1.7976931348623157E308	0
2373	1.7976931348623157E308	41140
2309	1.7976931348623157E308	150
2109	1.7976931348623157E308	0
125	1.7976931348623157E308	0
1509	1.7976931348623157E308	0
906	1.7976931348623157E308	0
227	1.7976931348623157E308	79
2775	1.7976931348623157E308	71458
1372	1.7976931348623157E308	8069
5753	1.7976931348623157E308	0
2372	1.7976931348623157E308	12230
1640	1.7976931348623157E308	0
2933	1.7976931348623157E308	6953
3038	1.7976931348623157E308	10
5944	1.7976931348623157E308	0
4913	1.7976931348623157E308	0
2475	1.7976931348623157E308	17436
4363	1.7976931348623157E308	2
150	1.7976931348623157E308	0
1478	1.7976931348623157E308	4937
1683	1.7976931348623157E308	0
914	1.7976931348623157E308	0
1531	1.7976931348623157E308	10253
655	1.7976931348623157E308	18024
4869	1.7976931348623157E308	0
1239	1.7976931348623157E308	0
858	1.7976931348623157E308	36803
5162	1.7976931348623157E308	0
1205	1.7976931348623157E308	0
6496	1.7976931348623157E308	0
6380	1.7976931348623157E308	0
6259	1.7976931348623157E308	3829
1587	1.7976931348623157E308	77963
4790	1.7976931348623157E308	44
1024	1.7976931348623157E308	0
2489	1.7976931348623157E308	64605
774	1.7976931348623157E308	25946
130	1.7976931348623157E308	6847
4266	1.7976931348623157E308	0
593	1.7976931348623157E308	65062
1791	1.7976931348623157E308	14031
1221	1.7976931348623157E308	0
1207	1.7976931348623157E308	0
1461	1.7976931348623157E308	0
1797	1.7976931348623157E308	0
2149	1.7976931348623157E308	0
4728	1.7976931348623157E308	11698
1176	1.7976931348623157E308	0
1927	1.7976931348623157E308	2
6844	1.7976931348623157E308	25318
2241	1.7976931348623157E308	17348
1557	1.7976931348623157E308	28270
5318	1.7976931348623157E308	16523
1472	1.7976931348623157E308	0
746	1.7976931348623157E308	2623
5583	1.7976931348623157E308	0
557	1.7976931348623157E308	7584
6289	1.7976931348623157E308	0
2278	1.7976931348623157E308	30212
5381	1.7976931348623157E308	0
5261	1.7976931348623157E308	18004
999	1.7976931348623157E308	8492
6344	1.7976931348623157E308	0
5107	1.7976931348623157E308	0
1224	1.7976931348623157E308	0
2058	1.7976931348623157E308	10567
7247	1.7976931348623157E308	0
1009	1.7976931348623157E308	40648
1300	1.7976931348623157E308	6027
2563	1.7976931348623157E308	0
4143	1.7976931348623157E308	3406
1216	1.7976931348623157E308	0
2319	1.7976931348623157E308	97193
4323	1.7976931348623157E308	0
8755	1.7976931348623157E308	4
909	1.7976931348623157E308	0
1853	1.7976931348623157E308	0
2292	1.7976931348623157E308	14435
1190	1.7976931348623157E308	0
1897	1.7976931348623157E308	7574
5355	1.7976931348623157E308	1638
2356	1.7976931348623157E308	845
1266	1.7976931348623157E308	51
2957	1.7976931348623157E308	24458
8846	1.7976931348623157E308	0
6614	1.7976931348623157E308	0
2379	1.7976931348623157E308	638
955	1.7976931348623157E308	0
5951	1.7976931348623157E308	0
1649	1.7976931348623157E308	3781
6401	1.7976931348623157E308	0
6267	1.7976931348623157E308	0
5924	1.7976931348623157E308	3069
2938	1.7976931348623157E308	0
3817	1.7976931348623157E308	0
1648	1.7976931348623157E308	0
4213	1.7976931348623157E308	0
2530	1.7976931348623157E308	7885
2100	1.7976931348623157E308	15219
6797	1.7976931348623157E308	0
6297	1.7976931348623157E308	0
2095	1.7976931348623157E308	0
2511	1.7976931348623157E308	0
4862	1.7976931348623157E308	820
3803	1.7976931348623157E308	0
509	1.7976931348623157E308	0
1562	1.7976931348623157E308	0
5816	1.7976931348623157E308	6895
3009	1.7976931348623157E308	4418
840	1.7976931348623157E308	4303
859	1.7976931348623157E308	10029
3031	1.7976931348623157E308	0
1590	1.7976931348623157E308	6408
811	1.7976931348623157E308	3789
1447	1.7976931348623157E308	15086
5827	1.7976931348623157E308	2939
1654	1.7976931348623157E308	39181
3839	1.7976931348623157E308	0
2225	1.7976931348623157E308	0
2115	1.7976931348623157E308	0
4274	1.7976931348623157E308	3411
1992	1.7976931348623157E308	0
1604	1.7976931348623157E308	0
1489	1.7976931348623157E308	2207
1548	1.7976931348623157E308	195155
7670	1.7976931348623157E308	5624
2330	1.7976931348623157E308	0
48	1.7976931348623157E308	41245
2983	1.7976931348623157E308	103
4820	1.7976931348623157E308	0
5869	1.7976931348623157E308	0
2337	1.7976931348623157E308	960
2439	1.7976931348623157E308	0
758	1.7976931348623157E308	1459
4295	1.7976931348623157E308	0
2716	1.7976931348623157E308	0
4365	1.7976931348623157E308	0
8095	1.7976931348623157E308	0
2275	1.7976931348623157E308	78504
1423	1.7976931348623157E308	0
2310	1.7976931348623157E308	26688
1528	1.7976931348623157E308	13827
8992	1.7976931348623157E308	0
5659	1.7976931348623157E308	0
1635	1.7976931348623157E308	3789
2238	1.7976931348623157E308	54154
6683	1.7976931348623157E308	8343
1149	1.7976931348623157E308	14670
2351	1.7976931348623157E308	5344
812	1.7976931348623157E308	1568
1288	1.7976931348623157E308	37096
866	1.7976931348623157E308	41117
965	1.7976931348623157E308	0
2436	1.7976931348623157E308	6932
2522	1.7976931348623157E308	25754
923	1.7976931348623157E308	18638
2536	1.7976931348623157E308	5937
2799	1.7976931348623157E308	7576
838	1.7976931348623157E308	0
973	1.7976931348623157E308	51615
1409	1.7976931348623157E308	0
8870	1.7976931348623157E308	0
2348	1.7976931348623157E308	1244
1032	1.7976931348623157E308	2534
29083	1.7976931348623157E308	0
5813	1.7976931348623157E308	0
2017	1.7976931348623157E308	0
1810	1.7976931348623157E308	0
6430	1.7976931348623157E308	3789
1749	1.7976931348623157E308	2405
5904	1.7976931348623157E308	0
2199	1.7976931348623157E308	3802
6791	1.7976931348623157E308	3789
2073	1.7976931348623157E308	0
6476	1.7976931348623157E308	0
2210	1.7976931348623157E308	6129
1739	1.7976931348623157E308	0
4857	1.7976931348623157E308	8
3846	1.7976931348623157E308	0
2734	1.7976931348623157E308	7574
1735	1.7976931348623157E308	4474
4246	1.7976931348623157E308	0
2250	1.7976931348623157E308	10350
3000	1.7976931348623157E308	0
3010	1.7976931348623157E308	7457
4124	1.7976931348623157E308	0
5277	1.7976931348623157E308	0
2376	1.7976931348623157E308	11337
2809	1.7976931348623157E308	0
2972	1.7976931348623157E308	51094
2316	1.7976931348623157E308	0
5868	1.7976931348623157E308	0
2219	1.7976931348623157E308	835
5802	1.7976931348623157E308	0
5760	1.7976931348623157E308	0
1800	1.7976931348623157E308	2
2300	1.7976931348623157E308	6474
2519	1.7976931348623157E308	8584
55	1.7976931348623157E308	2783
1417	1.7976931348623157E308	10534
865	1.7976931348623157E308	0
1359	1.7976931348623157E308	0
662	1.7976931348623157E308	34205
934	1.7976931348623157E308	0
739	1.7976931348623157E308	0
2375	1.7976931348623157E308	17674
2253	1.7976931348623157E308	36717
8949	1.7976931348623157E308	0
3944	1.7976931348623157E308	0
1287	1.7976931348623157E308	98701
282	1.7976931348623157E308	0
6415	1.7976931348623157E308	0
1408	1.7976931348623157E308	13384
625	1.7976931348623157E308	0
1277	1.7976931348623157E308	8698
2558	1.7976931348623157E308	0
1641	1.7976931348623157E308	0
3041	1.7976931348623157E308	0
8993	1.7976931348623157E308	0
1112	1.7976931348623157E308	6059
2143	1.7976931348623157E308	12828
2266	1.7976931348623157E308	15735
1255	1.7976931348623157E308	11361
7745	1.7976931348623157E308	0
7228	1.7976931348623157E308	0
4253	1.7976931348623157E308	8306
8048	1.7976931348623157E308	0
5477	1.7976931348623157E308	7574
868	1.7976931348623157E308	25883
2010	1.7976931348623157E308	17543
4753	1.7976931348623157E308	0
1338	1.7976931348623157E308	8749
2421	1.7976931348623157E308	0
1140	1.7976931348623157E308	3785
6501	1.7976931348623157E308	2241
1038	1.7976931348623157E308	8908
5290	1.7976931348623157E308	0
4507	1.7976931348623157E308	0
2021	1.7976931348623157E308	55363
1803	1.7976931348623157E308	0
33	1.7976931348623157E308	86446
5590	1.7976931348623157E308	0
991	1.7976931348623157E308	4833
700	1.7976931348623157E308	1251
673	1.7976931348623157E308	3789
970	1.7976931348623157E308	4
2081	1.7976931348623157E308	0
4541	1.7976931348623157E308	0
2873	1.7976931348623157E308	0
1386	1.7976931348623157E308	0
2476	1.7976931348623157E308	0
2022	1.7976931348623157E308	1637
727	1.7976931348623157E308	0
5761	1.7976931348623157E308	17789
1103	1.7976931348623157E308	0
2583	1.7976931348623157E308	0
3939	1.7976931348623157E308	0
2845	1.7976931348623157E308	0
2386	1.7976931348623157E308	3785
1712	1.7976931348623157E308	0
2295	1.7976931348623157E308	30182
5902	1.7976931348623157E308	0
980	1.7976931348623157E308	0
411	1.7976931348623157E308	314569
6640	1.7976931348623157E308	0
841	1.7976931348623157E308	0
6345	1.7976931348623157E308	0
5882	1.7976931348623157E308	0
2350	1.7976931348623157E308	2886
1146	1.7976931348623157E308	0
4265	1.7976931348623157E308	0
937	1.7976931348623157E308	0
6479	1.7976931348623157E308	0
1740	1.7976931348623157E308	2
5566	1.7976931348623157E308	0
1196	1.7976931348623157E308	4705
5750	1.7976931348623157E308	0
1903	1.7976931348623157E308	0
5547	1.7976931348623157E308	0
1523	1.7976931348623157E308	7345
5667	1.7976931348623157E308	0
1002	1.7976931348623157E308	59
2995	1.7976931348623157E308	0
1823	1.7976931348623157E308	12500
1431	1.7976931348623157E308	0
1711	1.7976931348623157E308	0
24270	1.7976931348623157E308	0
5875	1.7976931348623157E308	13602
192	2.0	0
7167	1.7976931348623157E308	0
5804	1.7976931348623157E308	0
2980	1.7976931348623157E308	0
2323	1.7976931348623157E308	4783
1467	1.7976931348623157E308	3789
4533	1.7976931348623157E308	0
783	1.7976931348623157E308	8
2393	1.7976931348623157E308	1100
6587	1.7976931348623157E308	0
867	1.7976931348623157E308	0
6731	1.7976931348623157E308	0
2344	1.7976931348623157E308	4106
5610	1.7976931348623157E308	0
1444	1.7976931348623157E308	0
5910	1.7976931348623157E308	1696
1566	1.7976931348623157E308	21476
2353	1.7976931348623157E308	40014
5210	1.7976931348623157E308	0
2497	1.7976931348623157E308	0
6812	1.7976931348623157E308	0
2753	1.7976931348623157E308	0
1684	1.7976931348623157E308	0
5810	1.7976931348623157E308	0
5268	1.7976931348623157E308	0
1741	1.7976931348623157E308	0
2444	1.7976931348623157E308	0
157	1.7976931348623157E308	98016
4385	1.7976931348623157E308	5584
611	1.7976931348623157E308	204786
4969	1.7976931348623157E308	0
956	1.7976931348623157E308	8946
4994	1.7976931348623157E308	543
5144	1.7976931348623157E308	0
330	1.7976931348623157E308	29594
1763	1.7976931348623157E308	0
747	1.7976931348623157E308	96727
2770	1.7976931348623157E308	26467
2525	1.7976931348623157E308	0
6400	1.7976931348623157E308	0
4534	1.7976931348623157E308	0
1777	1.7976931348623157E308	0
4595	1.7976931348623157E308	2852
2394	1.7976931348623157E308	6469
709	1.7976931348623157E308	5247
1416	1.7976931348623157E308	0
2400	1.7976931348623157E308	0
6818	1.7976931348623157E308	0
1414	1.7976931348623157E308	369
7297	1.7976931348623157E308	0
2965	1.7976931348623157E308	0
1260	1.7976931348623157E308	0
2449	1.7976931348623157E308	7663
893	1.7976931348623157E308	9543
6386	1.7976931348623157E308	0
1191	1.7976931348623157E308	1589
3028	1.7976931348623157E308	56533
4476	1.7976931348623157E308	0
6263	1.7976931348623157E308	0
5037	1.7976931348623157E308	3789
75	1.0	2
5203	1.7976931348623157E308	14225
2264	1.7976931348623157E308	0
2625	1.7976931348623157E308	0
809	1.7976931348623157E308	6091
1330	1.7976931348623157E308	3789
4287	1.7976931348623157E308	0
4214	1.7976931348623157E308	3777
8110	1.7976931348623157E308	0
1698	1.7976931348623157E308	0
2619	1.7976931348623157E308	0
5596	1.7976931348623157E308	0
2361	1.7976931348623157E308	30980
2502	1.7976931348623157E308	0
4145	1.7976931348623157E308	0
2347	1.7976931348623157E308	0
2272	1.7976931348623157E308	43862
1954	1.7976931348623157E308	0
718	1.7976931348623157E308	514
6274	1.7976931348623157E308	4448
2245	1.7976931348623157E308	3096
2038	1.7976931348623157E308	0
2148	1.7976931348623157E308	0
2065	1.7976931348623157E308	8524
5807	1.7976931348623157E308	0
1235	1.7976931348623157E308	0
1718	1.7976931348623157E308	0
2696	1.7976931348623157E308	756
6567	1.7976931348623157E308	3789
2462	1.7976931348623157E308	0
1400	1.7976931348623157E308	3789
3916	1.7976931348623157E308	1438
1500	1.7976931348623157E308	1832
2338	1.7976931348623157E308	7205
13	1.7976931348623157E308	32873
2259	1.7976931348623157E308	5936
1972	1.7976931348623157E308	0
663	1.7976931348623157E308	60314
1594	1.7976931348623157E308	3789
1430	1.7976931348623157E308	0
1039	1.7976931348623157E308	477734
2050	1.7976931348623157E308	0
9002	1.7976931348623157E308	4
2762	1.7976931348623157E308	6019
213	1.7976931348623157E308	63939
1549	1.7976931348623157E308	135376
1868	1.7976931348623157E308	79287
4083	1.7976931348623157E308	0
7333	1.7976931348623157E308	0
6817	1.7976931348623157E308	59200
801	1.7976931348623157E308	0
2269	1.7976931348623157E308	29396
5733	1.7976931348623157E308	0
2121	1.7976931348623157E308	0
2490	1.7976931348623157E308	0
2447	1.7976931348623157E308	990
2931	1.7976931348623157E308	0
2954	1.7976931348623157E308	24510
4911	1.7976931348623157E308	0
5915	1.7976931348623157E308	35642
1263	1.7976931348623157E308	11975
1328	1.7976931348623157E308	0
5548	1.7976931348623157E308	0
848	1.7976931348623157E308	9075
6264	1.7976931348623157E308	0
2428	1.7976931348623157E308	0
1655	1.7976931348623157E308	0
1538	1.7976931348623157E308	4615
837	1.7976931348623157E308	21224
1163	1.7976931348623157E308	0
6366	1.7976931348623157E308	0
6378	1.7976931348623157E308	0
136	1.7976931348623157E308	0
2818	1.7976931348623157E308	28309
962	1.7976931348623157E308	0
1148	1.7976931348623157E308	6330
6282	1.7976931348623157E308	0
2103	1.7976931348623157E308	0
1627	1.7976931348623157E308	0
2322	1.7976931348623157E308	54644
1924	1.7976931348623157E308	2
5524	1.7976931348623157E308	0
6615	1.7976931348623157E308	0
1811	1.7976931348623157E308	10205
4896	1.7976931348623157E308	3789
2947	1.7976931348623157E308	49015
1113	1.7976931348623157E308	33459
2244	1.7976931348623157E308	160282
1908	1.7976931348623157E308	0
46327	1.7976931348623157E308	0
802	1.7976931348623157E308	0
1356	1.7976931348623157E308	0
1183	1.7976931348623157E308	0
5096	1.7976931348623157E308	5966
2454	1.7976931348623157E308	15094
41	1.7976931348623157E308	0
6340	1.7976931348623157E308	0
2303	1.7976931348623157E308	38525
8708	1.7976931348623157E308	0
2286	1.7976931348623157E308	0
2224	1.7976931348623157E308	3136
2217	1.7976931348623157E308	44255
1481	1.7976931348623157E308	0
2258	1.7976931348623157E308	2876
6650	1.7976931348623157E308	0
6381	1.7976931348623157E308	0
3984	1.7976931348623157E308	3789
680	1.7976931348623157E308	2211
2281	1.7976931348623157E308	8208
728	1.7976931348623157E308	137113
6351	1.7976931348623157E308	0
6375	1.7976931348623157E308	0
1387	1.7976931348623157E308	7576
1831	1.7976931348623157E308	951
1486	1.7976931348623157E308	0
2466	1.7976931348623157E308	0
1475	1.7976931348623157E308	0
8850	1.7976931348623157E308	7570
5821	1.7976931348623157E308	36057
830	1.7976931348623157E308	0
1262	1.7976931348623157E308	0
5897	1.7976931348623157E308	0
1670	1.7976931348623157E308	0
2821	1.7976931348623157E308	7232
7548	1.7976931348623157E308	3789
2401	1.7976931348623157E308	0
6621	1.7976931348623157E308	3789
1252	1.7976931348623157E308	0
97	1.7976931348623157E308	0
5817	1.7976931348623157E308	19235
7461	1.7976931348623157E308	8714
4499	1.7976931348623157E308	0
29241	1.7976931348623157E308	0
2494	1.7976931348623157E308	1444
8614	1.7976931348623157E308	0
2457	1.7976931348623157E308	14
1726	1.7976931348623157E308	26544
2267	1.7976931348623157E308	43197
1289	1.7976931348623157E308	0
6612	1.7976931348623157E308	23995
2003	1.7976931348623157E308	0
2810	1.7976931348623157E308	44762
2364	1.7976931348623157E308	12142
2575	1.7976931348623157E308	2365
6356	1.7976931348623157E308	0
4348	1.7976931348623157E308	0
6452	1.7976931348623157E308	0
2288	1.7976931348623157E308	0
2325	1.7976931348623157E308	0
1771	1.7976931348623157E308	0
776	1.7976931348623157E308	0
4359	1.7976931348623157E308	476
18	1.7976931348623157E308	76726
4764	1.7976931348623157E308	0
2195	1.7976931348623157E308	8519
4434	1.7976931348623157E308	19630
2917	1.7976931348623157E308	443
1668	1.7976931348623157E308	0
2231	1.7976931348623157E308	19278
6465	1.7976931348623157E308	17687
2380	1.7976931348623157E308	0
4215	1.7976931348623157E308	0
831	1.7976931348623157E308	3789
1254	1.7976931348623157E308	0
5805	1.7976931348623157E308	0
651	1.7976931348623157E308	0
2415	1.7976931348623157E308	33802
1953	1.7976931348623157E308	0
343	1.7976931348623157E308	7576
1925	1.7976931348623157E308	0
1967	1.7976931348623157E308	0
2582	1.7976931348623157E308	58830
789	1.7976931348623157E308	56
4485	1.7976931348623157E308	2
1901	1.7976931348623157E308	0
1583	1.7976931348623157E308	3789
1780	1.7976931348623157E308	0
4073	1.7976931348623157E308	0
1687	1.7976931348623157E308	13498
2074	1.7976931348623157E308	37027
1647	1.7976931348623157E308	0
1001	1.7976931348623157E308	13004
2704	1.7976931348623157E308	17447
2306	1.7976931348623157E308	0
1463	1.7976931348623157E308	466
1537	1.7976931348623157E308	0
3970	1.7976931348623157E308	149514
5880	1.7976931348623157E308	47149
2446	1.7976931348623157E308	4873
2059	1.7976931348623157E308	0
1130	1.7976931348623157E308	8
761	1.7976931348623157E308	4503
5033	1.7976931348623157E308	0
1267	1.7976931348623157E308	4618
1374	1.7976931348623157E308	10441
2699	1.7976931348623157E308	0
2491	1.7976931348623157E308	0
1554	1.7976931348623157E308	0
2452	1.7976931348623157E308	6
2960	1.7976931348623157E308	28578
5093	1.7976931348623157E308	0
7661	1.7976931348623157E308	0
8936	1.7976931348623157E308	0
6604	1.7976931348623157E308	0
5928	1.7976931348623157E308	0
1219	1.7976931348623157E308	3789
911	1.7976931348623157E308	47416
5576	1.7976931348623157E308	2228
5774	1.7976931348623157E308	0
886	1.7976931348623157E308	0
2482	1.7976931348623157E308	0
1526	1.7976931348623157E308	52935
2939	1.7976931348623157E308	3489
6407	1.7976931348623157E308	0
5259	1.7976931348623157E308	0
2524	1.7976931348623157E308	0
1980	1.7976931348623157E308	0
1234	1.7976931348623157E308	17583
4825	1.7976931348623157E308	1766
1968	1.7976931348623157E308	0
2355	1.7976931348623157E308	28923
7971	1.7976931348623157E308	0
2469	1.7976931348623157E308	6253
1932	1.7976931348623157E308	7574
1501	1.7976931348623157E308	4383
4319	1.7976931348623157E308	0
4230	1.7976931348623157E308	0
6257	1.7976931348623157E308	0
1290	1.7976931348623157E308	1857
4731	1.7976931348623157E308	0
2256	1.7976931348623157E308	1848
1152	1.7976931348623157E308	4911
1685	1.7976931348623157E308	12963
8544	1.7976931348623157E308	0
6483	1.7976931348623157E308	0
5022	1.7976931348623157E308	0
3870	1.7976931348623157E308	14
1491	1.7976931348623157E308	0
6706	1.7976931348623157E308	0
4981	1.7976931348623157E308	0
6579	1.7976931348623157E308	0
2276	1.7976931348623157E308	93920
2897	1.7976931348623157E308	0
2429	1.7976931348623157E308	758
1186	1.7976931348623157E308	0
2460	1.7976931348623157E308	3773
3908	1.7976931348623157E308	0
2936	1.7976931348623157E308	0
939	1.7976931348623157E308	6313
6745	1.7976931348623157E308	27
2911	1.7976931348623157E308	7909
2398	1.7976931348623157E308	1502
2308	1.7976931348623157E308	10132
2506	1.7976931348623157E308	0
6661	1.7976931348623157E308	0
4333	1.7976931348623157E308	0
1850	1.7976931348623157E308	12321
1745	1.7976931348623157E308	0
1529	1.7976931348623157E308	0
2294	1.7976931348623157E308	0
5177	1.7976931348623157E308	7574
6799	1.7976931348623157E308	0
4276	1.7976931348623157E308	0
2970	1.7976931348623157E308	6035
1367	1.7976931348623157E308	0
2433	1.7976931348623157E308	5404
4610	1.7976931348623157E308	378
2315	1.7976931348623157E308	0
1340	1.7976931348623157E308	41500
3033	1.7976931348623157E308	0
290	1.7976931348623157E308	2178
2783	1.7976931348623157E308	637
1705	1.7976931348623157E308	6
2496	1.7976931348623157E308	35906
2246	1.7976931348623157E308	10915
4713	1.7976931348623157E308	0
974	1.7976931348623157E308	33237
6491	1.7976931348623157E308	4503
2221	1.7976931348623157E308	31674
740	1.7976931348623157E308	21399
860	1.7976931348623157E308	215
534	1.7976931348623157E308	58733
967	1.7976931348623157E308	0
2564	1.7976931348623157E308	0
2370	1.7976931348623157E308	1108
5632	1.7976931348623157E308	0
1540	1.7976931348623157E308	7576
5630	1.7976931348623157E308	0
2438	1.7976931348623157E308	0
5642	1.7976931348623157E308	0
4008	1.7976931348623157E308	0
853	1.7976931348623157E308	16986
5870	1.7976931348623157E308	38794
2741	1.7976931348623157E308	0
2963	1.7976931348623157E308	0
2769	1.7976931348623157E308	11355
2317	1.7976931348623157E308	6397
4189	1.7976931348623157E308	0
2387	1.7976931348623157E308	11355
5147	1.7976931348623157E308	2
1724	1.7976931348623157E308	1553
5881	1.7976931348623157E308	0
8754	1.7976931348623157E308	0
7970	1.7976931348623157E308	0
5506	1.7976931348623157E308	0
4783	1.7976931348623157E308	0
1346	1.7976931348623157E308	0
6416	1.7976931348623157E308	6215
775	1.7976931348623157E308	0
6295	1.7976931348623157E308	0
6824	1.7976931348623157E308	0
6294	1.7976931348623157E308	0
5734	1.7976931348623157E308	5669
2509	1.7976931348623157E308	2460
3026	1.7976931348623157E308	0
2365	1.7976931348623157E308	6535
6488	1.7976931348623157E308	15628
1922	1.7976931348623157E308	0
2681	1.7976931348623157E308	2531
963	1.7976931348623157E308	128484
4527	1.7976931348623157E308	0
4205	1.7976931348623157E308	0
2367	1.7976931348623157E308	0
1714	1.7976931348623157E308	0
2687	1.7976931348623157E308	0
6753	1.7976931348623157E308	0
5917	1.7976931348623157E308	0
2977	1.7976931348623157E308	0
1686	1.7976931348623157E308	467
191	1.7976931348623157E308	14375
1511	1.7976931348623157E308	0
352	1.7976931348623157E308	0
29082	1.7976931348623157E308	0
6276	1.7976931348623157E308	5705
2230	1.7976931348623157E308	2209
847	1.7976931348623157E308	3681
4821	1.7976931348623157E308	0
4806	1.7976931348623157E308	6
2822	1.7976931348623157E308	11954
1809	1.7976931348623157E308	0
6790	1.7976931348623157E308	2963
2420	1.7976931348623157E308	11355
6494	1.7976931348623157E308	0
2754	1.7976931348623157E308	0
507	1.7976931348623157E308	13085
5219	1.7976931348623157E308	0
5946	1.7976931348623157E308	0
918	1.7976931348623157E308	0
2077	1.7976931348623157E308	2
1754	1.7976931348623157E308	1976
1131	1.7976931348623157E308	0
2628	1.7976931348623157E308	0
2883	1.7976931348623157E308	47767
1978	1.7976931348623157E308	0
2363	1.7976931348623157E308	0
1678	1.7976931348623157E308	2547
2488	1.7976931348623157E308	0
5182	1.7976931348623157E308	0
1329	1.7976931348623157E308	0
2517	1.7976931348623157E308	11499
2005	1.7976931348623157E308	0
5916	1.7976931348623157E308	3789
99	1.7976931348623157E308	16847
5538	1.7976931348623157E308	0
3003	1.7976931348623157E308	3691
2336	1.7976931348623157E308	246
2204	1.7976931348623157E308	0
510	1.7976931348623157E308	477
6691	1.7976931348623157E308	4631
2516	1.7976931348623157E308	14261
4339	1.7976931348623157E308	0
1298	1.7976931348623157E308	0
8529	1.7976931348623157E308	0
1837	1.7976931348623157E308	0
2243	1.7976931348623157E308	0
5852	1.7976931348623157E308	0
3814	1.7976931348623157E308	0
5812	1.7976931348623157E308	24628
2537	1.7976931348623157E308	0
1638	1.7976931348623157E308	0
1570	1.7976931348623157E308	0
3842	1.7976931348623157E308	0
1611	1.7976931348623157E308	57229
6595	1.7976931348623157E308	0
8957	1.7976931348623157E308	0
1188	1.7976931348623157E308	3789
3833	1.7976931348623157E308	0
2345	1.7976931348623157E308	0
1432	1.7976931348623157E308	14069
2284	1.7976931348623157E308	4146
720	1.7976931348623157E308	0
2732	1.7976931348623157E308	8312
1629	1.7976931348623157E308	0
7137	1.7976931348623157E308	0
2631	1.7976931348623157E308	0
1966	1.7976931348623157E308	0
142	1.7976931348623157E308	0
1403	1.7976931348623157E308	3789
5860	1.7976931348623157E308	21288
1734	1.7976931348623157E308	0
7343	1.7976931348623157E308	0
2441	1.7976931348623157E308	0
1893	1.7976931348623157E308	4794
4312	1.7976931348623157E308	0
5755	1.7976931348623157E308	0
1656	1.7976931348623157E308	9441
656	1.7976931348623157E308	0
1588	1.7976931348623157E308	0
1226	1.7976931348623157E308	7622
1181	1.7976931348623157E308	6590
5945	1.7976931348623157E308	11355
3852	1.7976931348623157E308	21838
6586	1.7976931348623157E308	0
2982	1.7976931348623157E308	4567
2335	1.7976931348623157E308	0
5577	1.7976931348623157E308	30514
4484	1.7976931348623157E308	2915
2378	1.7976931348623157E308	3779
1626	1.7976931348623157E308	6168
29084	1.7976931348623157E308	0
1200	1.7976931348623157E308	0
4290	1.7976931348623157E308	0
3978	1.7976931348623157E308	0
2261	1.7976931348623157E308	23385
846	1.7976931348623157E308	6716
2585	1.7976931348623157E308	62
4954	1.7976931348623157E308	2655
2307	1.7976931348623157E308	20562
7566	1.7976931348623157E308	2054
889	1.7976931348623157E308	0
3996	1.7976931348623157E308	2247
225	1.7976931348623157E308	0
2297	1.7976931348623157E308	8431
5185	1.7976931348623157E308	25251
2880	1.7976931348623157E308	3646
804	1.7976931348623157E308	9702
8123	1.7976931348623157E308	3789
832	1.7976931348623157E308	0
5019	1.7976931348623157E308	0
2287	1.7976931348623157E308	0
1616	1.7976931348623157E308	0
29076	1.7976931348623157E308	0
2130	1.7976931348623157E308	1071
1283	1.7976931348623157E308	7576
2151	1.7976931348623157E308	0
2574	1.7976931348623157E308	47847
2213	1.7976931348623157E308	11492
6445	1.7976931348623157E308	0
88	1.7976931348623157E308	0
681	1.7976931348623157E308	11107
1229	1.7976931348623157E308	18917
2956	1.7976931348623157E308	0
2527	1.7976931348623157E308	0
5853	1.7976931348623157E308	0
1919	1.7976931348623157E308	0
7315	1.7976931348623157E308	0
2824	1.7976931348623157E308	0
5343	1.7976931348623157E308	0
1473	1.7976931348623157E308	29604
6277	1.7976931348623157E308	3789
2499	1.7976931348623157E308	0
365	1.7976931348623157E308	0
6486	1.7976931348623157E308	0
1534	1.7976931348623157E308	0
1010	1.7976931348623157E308	0
4470	1.7976931348623157E308	0
4741	1.7976931348623157E308	1420
5347	1.7976931348623157E308	0
5265	1.7976931348623157E308	0
4313	1.7976931348623157E308	3789
803	1.7976931348623157E308	25360
1460	1.7976931348623157E308	27536
1357	1.7976931348623157E308	6
917	1.7976931348623157E308	25883
2251	1.7976931348623157E308	9182
1151	1.7976931348623157E308	3789
1198	1.7976931348623157E308	0
1291	1.7976931348623157E308	17285
2955	1.7976931348623157E308	0
1517	1.7976931348623157E308	53810
839	1.7976931348623157E308	12951
755	1.7976931348623157E308	12214
2233	1.7976931348623157E308	9739
5216	1.7976931348623157E308	75
954	1.7976931348623157E308	26441
2343	1.7976931348623157E308	0
6260	1.7976931348623157E308	0
1755	1.7976931348623157E308	0
4405	1.7976931348623157E308	4134
1433	1.7976931348623157E308	4223
1889	1.7976931348623157E308	0
6299	1.7976931348623157E308	0
1671	1.7976931348623157E308	0
5679	1.7976931348623157E308	0
6427	1.7976931348623157E308	3789
2552	1.7976931348623157E308	0
916	1.7976931348623157E308	0
4346	1.7976931348623157E308	7574
5559	1.7976931348623157E308	0
1542	1.7976931348623157E308	0
5207	1.7976931348623157E308	0
4376	1.7976931348623157E308	0
3945	1.7976931348623157E308	0
6498	1.7976931348623157E308	0
1442	1.7976931348623157E308	0
2443	1.7976931348623157E308	16073
2223	1.7976931348623157E308	0
4528	1.7976931348623157E308	0
5398	1.7976931348623157E308	9653
2874	1.7976931348623157E308	0
46	1.7976931348623157E308	18740
6624	1.7976931348623157E308	0
861	1.7976931348623157E308	26699
4638	1.7976931348623157E308	23
4539	1.7976931348623157E308	4553
2539	1.7976931348623157E308	493
5298	1.7976931348623157E308	0
1961	1.7976931348623157E308	0
1206	1.7976931348623157E308	11918
4331	1.7976931348623157E308	13791
2228	1.7976931348623157E308	19315
2314	1.7976931348623157E308	6630
1805	1.7976931348623157E308	0
3988	1.7976931348623157E308	0
2331	1.7976931348623157E308	2035
6566	1.7976931348623157E308	6159
2406	1.7976931348623157E308	0
925	1.7976931348623157E308	0
6361	1.7976931348623157E308	0
1339	1.7976931348623157E308	9841
5640	1.7976931348623157E308	0
2324	1.7976931348623157E308	3789
27165	1.7976931348623157E308	0
3027	1.7976931348623157E308	0
102	1.7976931348623157E308	0
2453	1.7976931348623157E308	1572
1836	1.7976931348623157E308	6885
1819	1.7976931348623157E308	0
2274	1.7976931348623157E308	2257
2471	1.7976931348623157E308	1047
2561	1.7976931348623157E308	0
4152	1.7976931348623157E308	18952
4196	1.7976931348623157E308	0
2205	1.7976931348623157E308	0
4637	1.7976931348623157E308	0
2755	1.7976931348623157E308	0
2289	1.7976931348623157E308	0
2232	1.7976931348623157E308	48293
2094	1.7976931348623157E308	0
1128	1.7976931348623157E308	0
1646	1.7976931348623157E308	8972
2971	1.7976931348623157E308	0
2802	1.7976931348623157E308	0
2075	1.7976931348623157E308	0
1318	1.7976931348623157E308	0
549	1.7976931348623157E308	273
2248	1.7976931348623157E308	3789
1596	1.7976931348623157E308	11359
4054	1.7976931348623157E308	0
2432	1.7976931348623157E308	0
548	1.7976931348623157E308	19048
817	1.7976931348623157E308	20406
597	1.7976931348623157E308	43374
5448	1.7976931348623157E308	0
5485	1.7976931348623157E308	0
1892	1.7976931348623157E308	1869
1319	1.7976931348623157E308	2257
5801	1.7976931348623157E308	3789
6531	1.7976931348623157E308	3789
1799	1.7976931348623157E308	0
1141	1.7976931348623157E308	30166
4304	1.7976931348623157E308	0
1874	1.7976931348623157E308	0
818	1.7976931348623157E308	4585
4255	1.7976931348623157E308	2008
1189	1.7976931348623157E308	10430
1516	1.7976931348623157E308	76568
5365	1.7976931348623157E308	0
2746	1.7976931348623157E308	17326
2202	1.7976931348623157E308	0
3980	1.7976931348623157E308	0
4115	1.7976931348623157E308	14838
5779	1.7976931348623157E308	0
419	1.7976931348623157E308	24462
1208	1.7976931348623157E308	14128
7586	1.7976931348623157E308	2
6406	1.7976931348623157E308	7574
4483	1.7976931348623157E308	0
2039	1.7976931348623157E308	0
2889	1.7976931348623157E308	0
1364	1.7976931348623157E308	13239
2048	1.7976931348623157E308	0
220	1.7976931348623157E308	6739
6509	1.7976931348623157E308	7574
4701	1.7976931348623157E308	0
6642	1.7976931348623157E308	0
3040	1.7976931348623157E308	0
2392	1.7976931348623157E308	0
671	1.7976931348623157E308	0
5815	1.7976931348623157E308	0
6828	1.7976931348623157E308	809
6819	1.7976931348623157E308	6459
1142	1.7976931348623157E308	0
4275	1.7976931348623157E308	0
7868	1.7976931348623157E308	0
1822	1.7976931348623157E308	0
5407	1.7976931348623157E308	11964
996	1.7976931348623157E308	221
1143	1.7976931348623157E308	25208
4667	1.7976931348623157E308	240
29336	1.7976931348623157E308	0
5462	1.7976931348623157E308	0
5748	1.7976931348623157E308	0
5992	1.7976931348623157E308	1860
4558	1.7976931348623157E308	0
2461	1.7976931348623157E308	2
2727	1.7976931348623157E308	3789
4945	1.7976931348623157E308	0
2076	1.7976931348623157E308	3789
1555	1.7976931348623157E308	22840
7	1.7976931348623157E308	2767
6785	1.7976931348623157E308	0
6468	1.7976931348623157E308	137428
2974	1.7976931348623157E308	0
1018	1.7976931348623157E308	0
1582	1.7976931348623157E308	0
6471	1.7976931348623157E308	304
1997	1.7976931348623157E308	0
5926	1.7976931348623157E308	0
5925	1.7976931348623157E308	3789
5845	1.7976931348623157E308	0
2450	1.7976931348623157E308	0
2544	1.7976931348623157E308	8505
2254	1.7976931348623157E308	45395
5537	1.7976931348623157E308	3789
944	1.7976931348623157E308	53231
2946	1.7976931348623157E308	0
982	1.7976931348623157E308	22737
1236	1.7976931348623157E308	128659
310	1.7976931348623157E308	201845
5370	1.7976931348623157E308	0
1377	1.7976931348623157E308	19749
2613	1.7976931348623157E308	0
3880	1.7976931348623157E308	0
1445	1.7976931348623157E308	0
2084	1.7976931348623157E308	0
1483	1.7976931348623157E308	3789
4529	1.7976931348623157E308	15132
262	1.7976931348623157E308	5412
2150	1.7976931348623157E308	3203
338	1.7976931348623157E308	0
1825	1.7976931348623157E308	7252
2455	1.7976931348623157E308	0
1178	1.7976931348623157E308	0
5725	1.7976931348623157E308	0
5336	1.7976931348623157E308	0
764	1.7976931348623157E308	0
2037	1.7976931348623157E308	4304
2358	1.7976931348623157E308	2630
25	1.7976931348623157E308	17616
8842	1.7976931348623157E308	0
4035	1.7976931348623157E308	0
2698	1.7976931348623157E308	2345
2097	1.7976931348623157E308	0
4203	1.7976931348623157E308	0
2676	1.7976931348623157E308	0
2222	1.7976931348623157E308	8147
3039	1.7976931348623157E308	0
1991	1.7976931348623157E308	0
1743	1.7976931348623157E308	0
1488	1.7976931348623157E308	7437
5955	1.7976931348623157E308	8851
2212	1.7976931348623157E308	4707
1129	1.7976931348623157E308	0
1593	1.7976931348623157E308	0
4477	1.7976931348623157E308	0
591	1.7976931348623157E308	3161
46040	1.7976931348623157E308	0
4025	1.7976931348623157E308	0
2302	1.7976931348623157E308	30093
418	1.7976931348623157E308	78014
1866	1.7976931348623157E308	0
4081	1.7976931348623157E308	3789
81	1.7976931348623157E308	33372
5146	1.7976931348623157E308	0
665	1.7976931348623157E308	4201
796	1.7976931348623157E308	0
1455	1.7976931348623157E308	3409
1657	1.7976931348623157E308	3789
2279	1.7976931348623157E308	22682
417	1.7976931348623157E308	40620
1762	1.7976931348623157E308	0
2991	1.7976931348623157E308	0
4944	1.7976931348623157E308	0
6538	1.7976931348623157E308	0
5889	1.7976931348623157E308	7735
719	1.7976931348623157E308	11514
5111	1.7976931348623157E308	0
2342	1.7976931348623157E308	3650
7741	1.7976931348623157E308	3789
1003	1.7976931348623157E308	1578
6271	1.7976931348623157E308	12965
2534	1.7976931348623157E308	0
670	1.7976931348623157E308	0
590	1.7976931348623157E308	6088
1237	1.7976931348623157E308	0
4277	1.7976931348623157E308	9181
8004	1.7976931348623157E308	0
543	1.7976931348623157E308	0
5830	1.7976931348623157E308	0
5754	1.7976931348623157E308	0
7592	1.7976931348623157E308	12
2458	1.7976931348623157E308	0
2424	1.7976931348623157E308	3789
696	1.7976931348623157E308	11315
2711	1.7976931348623157E308	0
2888	1.7976931348623157E308	0
1513	1.7976931348623157E308	0
998	1.7976931348623157E308	0
732	1.7976931348623157E308	1881
2368	1.7976931348623157E308	15426
2296	1.7976931348623157E308	4094
6405	1.7976931348623157E308	0
1539	1.7976931348623157E308	0
2108	1.7976931348623157E308	36574
2396	1.7976931348623157E308	2
2949	1.7976931348623157E308	59808
2480	1.7976931348623157E308	6883
2514	1.7976931348623157E308	1079
1694	1.7976931348623157E308	0
913	1.7976931348623157E308	1201
5671	1.7976931348623157E308	0
7648	1.7976931348623157E308	0
975	1.7976931348623157E308	0
1264	1.7976931348623157E308	20413
4209	1.7976931348623157E308	0
3961	1.7976931348623157E308	0
2069	1.7976931348623157E308	0
1333	1.7976931348623157E308	7574
6514	1.7976931348623157E308	0
6703	1.7976931348623157E308	0
5809	1.7976931348623157E308	5
5844	1.7976931348623157E308	0
2440	1.7976931348623157E308	0
5369	1.7976931348623157E308	0
1448	1.7976931348623157E308	43928
1521	1.7976931348623157E308	0
745	1.7976931348623157E308	10859
1736	1.7976931348623157E308	0
1742	1.7976931348623157E308	0
236	1.7976931348623157E308	0
5079	1.7976931348623157E308	0
4065	1.7976931348623157E308	0
3032	1.7976931348623157E308	0
5948	1.7976931348623157E308	0
1617	1.7976931348623157E308	16752
1770	1.7976931348623157E308	0
1704	1.7976931348623157E308	0
1507	1.7976931348623157E308	0
2529	1.7976931348623157E308	13941
2006	1.7976931348623157E308	34610
976	1.7976931348623157E308	5619
596	1.7976931348623157E308	25517
2814	1.7976931348623157E308	0
694	1.7976931348623157E308	0
6424	1.7976931348623157E308	0
1637	1.7976931348623157E308	12050
2465	1.7976931348623157E308	508
2146	1.7976931348623157E308	0
4355	1.7976931348623157E308	0
2216	1.7976931348623157E308	0
72	1.7976931348623157E308	8218
2096	1.7976931348623157E308	1521
2409	1.7976931348623157E308	0
6329	1.7976931348623157E308	0
1476	1.7976931348623157E308	2300
1172	1.7976931348623157E308	15132
2649	1.7976931348623157E308	0
1327	1.7976931348623157E308	19164
4537	1.7976931348623157E308	0
1324	1.7976931348623157E308	0
5044	1.7976931348623157E308	0
6588	1.7976931348623157E308	1244
6700	1.7976931348623157E308	0
4451	1.7976931348623157E308	3789
6757	1.7976931348623157E308	7574
1744	1.7976931348623157E308	3789
2532	1.7976931348623157E308	21189
1951	1.7976931348623157E308	0
8940	1.7976931348623157E308	0
589	1.7976931348623157E308	20301
6645	1.7976931348623157E308	0
6638	1.7976931348623157E308	0
1752	1.7976931348623157E308	3789
46465	1.7976931348623157E308	0
4438	1.7976931348623157E308	0
2968	1.7976931348623157E308	0
1370	1.7976931348623157E308	0
3821	1.7976931348623157E308	0
2437	1.7976931348623157E308	928
2410	1.7976931348623157E308	30510
969	1.7976931348623157E308	48636
2638	1.7976931348623157E308	0
2305	1.7976931348623157E308	0
4640	1.7976931348623157E308	0
1470	1.7976931348623157E308	0
524	1.7976931348623157E308	0
6603	1.7976931348623157E308	6012
4217	1.7976931348623157E308	0
80	1.7976931348623157E308	0
1609	1.7976931348623157E308	21271
2214	1.7976931348623157E308	682
1564	1.7976931348623157E308	0
5184	1.7976931348623157E308	0
5628	1.7976931348623157E308	3342
3035	1.7976931348623157E308	68502
1999	1.7976931348623157E308	17372
1920	1.7976931348623157E308	0
2271	1.7976931348623157E308	45455
4629	1.7976931348623157E308	0
1764	1.7976931348623157E308	0
5130	1.7976931348623157E308	0
1308	1.7976931348623157E308	0
30	1.7976931348623157E308	0
1465	1.7976931348623157E308	0
1600	1.7976931348623157E308	0
824	1.7976931348623157E308	83
2062	1.7976931348623157E308	0
6392	1.7976931348623157E308	2
542	1.7976931348623157E308	0
2633	1.7976931348623157E308	0
6472	1.7976931348623157E308	0
5808	1.7976931348623157E308	2
6251	1.7976931348623157E308	10
2535	1.7976931348623157E308	9562
4822	1.7976931348623157E308	0
1482	1.7976931348623157E308	0
961	1.7976931348623157E308	0
2521	1.7976931348623157E308	0
834	1.7976931348623157E308	20
1510	1.7976931348623157E308	0
855	1.7976931348623157E308	92107
5775	1.7976931348623157E308	0
2879	1.7976931348623157E308	0
2025	1.7976931348623157E308	0
1545	1.7976931348623157E308	0
6617	1.7976931348623157E308	20493
2194	1.7976931348623157E308	0
4950	1.7976931348623157E308	7576
1508	1.7976931348623157E308	1597
2756	1.7976931348623157E308	0
5912	1.7976931348623157E308	20509
1962	1.7976931348623157E308	0
2435	1.7976931348623157E308	4229
1863	1.7976931348623157E308	1881
6469	1.7976931348623157E308	0
44	1.7976931348623157E308	142582
3034	1.7976931348623157E308	0
960	1.7976931348623157E308	0
1231	1.7976931348623157E308	0
4511	1.7976931348623157E308	2522
1435	1.7976931348623157E308	161
51	1.7976931348623157E308	0
1242	1.7976931348623157E308	0
4430	1.7976931348623157E308	0
5127	1.7976931348623157E308	0
372	1.7976931348623157E308	0
2858	1.7976931348623157E308	0
2235	1.7976931348623157E308	3142
4601	1.7976931348623157E308	0
1457	1.7976931348623157E308	20398
2959	1.7976931348623157E308	25944
6404	1.7976931348623157E308	0
2890	1.7976931348623157E308	0
2052	1.7976931348623157E308	0
2515	1.7976931348623157E308	0
1862	1.7976931348623157E308	0
8257	1.7976931348623157E308	0
6748	1.7976931348623157E308	0
1248	1.7976931348623157E308	0
6577	1.7976931348623157E308	0
5328	1.7976931348623157E308	0
6722	1.7976931348623157E308	0
2577	1.7976931348623157E308	0
2463	1.7976931348623157E308	0
2870	1.7976931348623157E308	0
4023	1.7976931348623157E308	69939
3977	1.7976931348623157E308	7576
4362	1.7976931348623157E308	0
4228	1.7976931348623157E308	0
2352	1.7976931348623157E308	0
2034	1.7976931348623157E308	0
4760	1.7976931348623157E308	0
3994	1.7976931348623157E308	41893
6320	1.7976931348623157E308	0
6709	1.7976931348623157E308	0
5898	1.7976931348623157E308	0
2260	1.7976931348623157E308	22588
6602	1.7976931348623157E308	1656
1518	1.7976931348623157E308	3789
2240	1.7976931348623157E308	4796
1485	1.7976931348623157E308	0
2220	1.7976931348623157E308	4704
5480	1.7976931348623157E308	1399
4452	1.7976931348623157E308	0
6279	1.7976931348623157E308	0
2806	1.7976931348623157E308	11172
1273	1.7976931348623157E308	0
5756	1.7976931348623157E308	0
938	1.7976931348623157E308	1689
5949	1.7976931348623157E308	0
1259	1.7976931348623157E308	0
1504	1.7976931348623157E308	0
1342	1.7976931348623157E308	43192
5425	1.7976931348623157E308	0
551	1.7976931348623157E308	31211
1532	1.7976931348623157E308	8
2063	1.7976931348623157E308	0
6316	1.7976931348623157E308	0
4191	1.7976931348623157E308	0
1307	1.7976931348623157E308	0
6547	1.7976931348623157E308	0
4409	1.7976931348623157E308	0
5304	1.7976931348623157E308	23323
15	1.7976931348623157E308	24331
1709	1.7976931348623157E308	0
2390	1.7976931348623157E308	0
3896	1.7976931348623157E308	0
6362	1.7976931348623157E308	3136
5507	1.7976931348623157E308	17171
4578	1.7976931348623157E308	0
2994	1.7976931348623157E308	0
2739	1.7976931348623157E308	0
2262	1.7976931348623157E308	109848
210	1.7976931348623157E308	0
7429	1.7976931348623157E308	0
5072	1.7976931348623157E308	0
4396	1.7976931348623157E308	20748
883	1.7976931348623157E308	44170
86	1.7976931348623157E308	39220
6307	1.7976931348623157E308	0
880	1.7976931348623157E308	12742
2492	1.7976931348623157E308	3789
1620	1.7976931348623157E308	8638
1285	1.7976931348623157E308	0
5205	1.7976931348623157E308	0
2068	1.7976931348623157E308	10417
2201	1.7976931348623157E308	0
2332	1.7976931348623157E308	7268
658	1.7976931348623157E308	47726
2969	1.7976931348623157E308	0
6481	1.7976931348623157E308	0
1753	1.7976931348623157E308	0
6659	1.7976931348623157E308	3922
7848	1.7976931348623157E308	3789
1326	1.7976931348623157E308	0
2354	1.7976931348623157E308	81578
1998	1.7976931348623157E308	0
6347	1.7976931348623157E308	0
1427	1.7976931348623157E308	0
1527	1.7976931348623157E308	9802
2285	1.7976931348623157E308	9286
2807	1.7976931348623157E308	22717
1479	1.7976931348623157E308	0
5360	1.7976931348623157E308	0
2473	1.7976931348623157E308	21809
1567	1.7976931348623157E308	148
580	1.7976931348623157E308	18905
2937	1.7976931348623157E308	6815
2820	1.7976931348623157E308	0
697	1.7976931348623157E308	35559
2774	1.7976931348623157E308	1580
5013	1.7976931348623157E308	0
2468	1.7976931348623157E308	13492
7438	1.7976931348623157E308	0
2950	1.7976931348623157E308	0
712	1.7976931348623157E308	91398
5901	1.7976931348623157E308	0
5843	1.7976931348623157E308	1856
1979	1.7976931348623157E308	7574
2434	1.7976931348623157E308	0
2526	1.7976931348623157E308	42152
2215	1.7976931348623157E308	0
2411	1.7976931348623157E308	0
1631	1.7976931348623157E308	0
1971	1.7976931348623157E308	11361
2785	1.7976931348623157E308	0
2648	1.7976931348623157E308	0
4473	1.7976931348623157E308	0
2290	1.7976931348623157E308	8161
2055	1.7976931348623157E308	0
1573	1.7976931348623157E308	39585
6385	1.7976931348623157E308	0
1827	1.7976931348623157E308	12486
714	1.7976931348623157E308	10591
1958	1.7976931348623157E308	0
854	1.7976931348623157E308	41550
1989	1.7976931348623157E308	0
2501	1.7976931348623157E308	5839
816	1.7976931348623157E308	0
4472	1.7976931348623157E308	18782
2951	1.7976931348623157E308	1600
2282	1.7976931348623157E308	11319
2371	1.7976931348623157E308	0
2206	1.7976931348623157E308	0
3971	1.7976931348623157E308	0
2927	1.7976931348623157E308	0
742	1.7976931348623157E308	0
2891	1.7976931348623157E308	0
1434	1.7976931348623157E308	0
669	1.7976931348623157E308	12
6326	1.7976931348623157E308	6333
2304	1.7976931348623157E308	9598
5907	1.7976931348623157E308	0
833	1.7976931348623157E308	0
1852	1.7976931348623157E308	15144
2	1.7976931348623157E308	0
844	1.7976931348623157E308	7970
2620	1.7976931348623157E308	0
1363	1.7976931348623157E308	20475
4787	1.7976931348623157E308	0
1872	1.7976931348623157E308	0
29335	1.7976931348623157E308	0
8946	1.7976931348623157E308	0
6357	1.7976931348623157E308	0
2341	1.7976931348623157E308	0
1341	1.7976931348623157E308	0
3792	1.7976931348623157E308	0
1215	1.7976931348623157E308	6304
2340	1.7976931348623157E308	5803
2767	1.7976931348623157E308	0
6262	1.7976931348623157E308	0
1883	1.7976931348623157E308	0
6734	1.7976931348623157E308	0
1212	1.7976931348623157E308	28416
2082	1.7976931348623157E308	0
2445	1.7976931348623157E308	627
995	1.7976931348623157E308	17884
2263	1.7976931348623157E308	0
1443	1.7976931348623157E308	12297
1636	1.7976931348623157E308	7901
5357	1.7976931348623157E308	0
5498	1.7976931348623157E308	0
5134	1.7976931348623157E308	0
6454	1.7976931348623157E308	0
698	1.7976931348623157E308	17020
4532	1.7976931348623157E308	0
135	1.7976931348623157E308	8309
881	1.7976931348623157E308	0
2512	1.7976931348623157E308	13833
2362	1.7976931348623157E308	0
2012	1.7976931348623157E308	10001
2595	1.7976931348623157E308	0
1493	1.7976931348623157E308	41248
1362	1.7976931348623157E308	0
1595	1.7976931348623157E308	0
1304	1.7976931348623157E308	0
4957	1.7976931348623157E308	0
2408	1.7976931348623157E308	0
2426	1.7976931348623157E308	13552
1558	1.7976931348623157E308	9957
1256	1.7976931348623157E308	0
7510	1.7976931348623157E308	0
826	1.7976931348623157E308	837
6786	1.7976931348623157E308	0
152	1.7976931348623157E308	170
6771	1.7976931348623157E308	0
2381	1.7976931348623157E308	0
2382	1.7976931348623157E308	3713
5927	1.7976931348623157E308	3206
2720	1.7976931348623157E308	0
1659	1.7976931348623157E308	1969
5851	1.7976931348623157E308	0
4297	1.7976931348623157E308	0
1760	1.7976931348623157E308	3789
1296	1.7976931348623157E308	7572
1681	1.7976931348623157E308	0
2054	1.7976931348623157E308	1209
1293	1.7976931348623157E308	3789
7610	1.7976931348623157E308	0
17	1.7976931348623157E308	21160
896	1.7976931348623157E308	3789
2418	1.7976931348623157E308	20402
2268	1.7976931348623157E308	0
5757	1.7976931348623157E308	0
4726	1.7976931348623157E308	0
5649	1.7976931348623157E308	75
2333	1.7976931348623157E308	0
2249	1.7976931348623157E308	634
806	1.7976931348623157E308	0
959	1.7976931348623157E308	32895
6597	1.7976931348623157E308	0
2007	1.7976931348623157E308	5679
2357	1.7976931348623157E308	13610
1645	1.7976931348623157E308	0
2987	1.7976931348623157E308	0
4279	1.7976931348623157E308	0
1898	1.7976931348623157E308	843
1725	1.7976931348623157E308	0
5634	1.7976931348623157E308	0
5483	1.7976931348623157E308	0
2682	1.7976931348623157E308	6516
1407	1.7976931348623157E308	0
5947	1.7976931348623157E308	304
4804	1.7976931348623157E308	0
2334	1.7976931348623157E308	39756
2721	1.7976931348623157E308	2100
2813	1.7976931348623157E308	0
2229	1.7976931348623157E308	9326
3794	1.7976931348623157E308	0
1717	1.7976931348623157E308	0
5887	1.7976931348623157E308	0
2391	1.7976931348623157E308	909
5542	1.7976931348623157E308	3789
7960	1.7976931348623157E308	0
6647	1.7976931348623157E308	0
2257	1.7976931348623157E308	3449
230	1.7976931348623157E308	1749
981	1.7976931348623157E308	3473
2481	1.7976931348623157E308	3789
9004	1.7976931348623157E308	0
1581	1.7976931348623157E308	0
7940	1.7976931348623157E308	0
6838	1.7976931348623157E308	0
2934	1.7976931348623157E308	0
805	1.7976931348623157E308	10082
2389	1.7976931348623157E308	4971
4663	1.7976931348623157E308	11359
1193	1.7976931348623157E308	7320
4795	1.7976931348623157E308	0
1580	1.7976931348623157E308	0
1644	1.7976931348623157E308	16
1628	1.7976931348623157E308	1428
6428	1.7976931348623157E308	0
1601	1.7976931348623157E308	21810
1722	1.7976931348623157E308	0
7485	1.7976931348623157E308	0
8659	1.7976931348623157E308	0
777	1.7976931348623157E308	0
2749	1.7976931348623157E308	6660
1591	1.7976931348623157E308	0
725	1.7976931348623157E308	0
1826	1.7976931348623157E308	24720
4374	1.7976931348623157E308	0
890	1.7976931348623157E308	0
1230	1.7976931348623157E308	0
2942	1.7976931348623157E308	377
4774	1.7976931348623157E308	0
2203	1.7976931348623157E308	0
891	1.7976931348623157E308	0
2869	1.7976931348623157E308	0
676	1.7976931348623157E308	3789
5423	1.7976931348623157E308	0
933	1.7976931348623157E308	1430
2383	1.7976931348623157E308	0
2312	1.7976931348623157E308	6629
7295	1.7976931348623157E308	0
1197	1.7976931348623157E308	4966
2587	1.7976931348623157E308	11358
4676	1.7976931348623157E308	3789
815	1.7976931348623157E308	0
1150	1.7976931348623157E308	16357
5806	1.7976931348623157E308	0
2327	1.7976931348623157E308	0
147	1.7976931348623157E308	0
1217	1.7976931348623157E308	27421
753	1.7976931348623157E308	0
4397	1.7976931348623157E308	0
715	1.7976931348623157E308	24025
4496	1.7976931348623157E308	0
770	1.7976931348623157E308	272982
1969	1.7976931348623157E308	0
4229	1.7976931348623157E308	0
1703	1.7976931348623157E308	0
1563	1.7976931348623157E308	50184
6466	1.7976931348623157E308	0
2417	1.7976931348623157E308	30195
3999	1.7976931348623157E308	535
862	1.7976931348623157E308	34148
4622	1.7976931348623157E308	0
2639	1.7976931348623157E308	0
6843	1.7976931348623157E308	0
416	1.7976931348623157E308	36188
4559	1.7976931348623157E308	0
4621	1.7976931348623157E308	0
1421	1.7976931348623157E308	0
910	1.7976931348623157E308	0
2976	1.7976931348623157E308	0
1292	1.7976931348623157E308	0
823	1.7976931348623157E308	2
2360	1.7976931348623157E308	0
2958	1.7976931348623157E308	17107
5100	1.7976931348623157E308	0
2299	1.7976931348623157E308	0
1658	1.7976931348623157E308	3133
1426	1.7976931348623157E308	0
550	1.7976931348623157E308	20211
4450	1.7976931348623157E308	0
5727	1.7976931348623157E308	0
5635	1.7976931348623157E308	0
1228	1.7976931348623157E308	0
5850	1.7976931348623157E308	11361
1468	1.7976931348623157E308	0
845	1.7976931348623157E308	12
5501	1.7976931348623157E308	666
2060	1.7976931348623157E308	0
2693	1.7976931348623157E308	0
9	1.7976931348623157E308	0
2399	1.7976931348623157E308	3789
1490	1.7976931348623157E308	48079
1023	1.7976931348623157E308	2
4999	1.7976931348623157E308	0
197	1.7976931348623157E308	13695
202	1.7976931348623157E308	3532
2472	1.7976931348623157E308	770
948	1.7976931348623157E308	0
6460	1.7976931348623157E308	0
1471	1.7976931348623157E308	36266
2684	1.7976931348623157E308	0
2493	1.7976931348623157E308	0
64	1.7976931348623157E308	9116
1312	1.7976931348623157E308	0
6778	1.7976931348623157E308	11359
8840	1.7976931348623157E308	0
731	1.7976931348623157E308	11412
1957	1.7976931348623157E308	15503
4560	1.7976931348623157E308	0
2277	1.7976931348623157E308	7851
2878	1.7976931348623157E308	0
4748	1.7976931348623157E308	0
71	1.7976931348623157E308	4230
2427	1.7976931348623157E308	62387
2710	1.7976931348623157E308	0
3907	1.7976931348623157E308	0
598	1.7976931348623157E308	14562
6713	1.7976931348623157E308	0
1652	1.7976931348623157E308	0
2395	1.7976931348623157E308	0
107	1.7976931348623157E308	640
4410	1.7976931348623157E308	1317
1223	1.7976931348623157E308	1582
5759	1.7976931348623157E308	0
5267	1.7976931348623157E308	10797
1520	1.7976931348623157E308	0
2621	1.7976931348623157E308	0
2847	1.7976931348623157E308	0
2377	1.7976931348623157E308	12421
2609	1.7976931348623157E308	6
1702	1.7976931348623157E308	39317
4159	1.7976931348623157E308	0
997	1.7976931348623157E308	3789
794	1.7976931348623157E308	31547
1615	1.7976931348623157E308	0
1487	1.7976931348623157E308	8259
6440	1.7976931348623157E308	0
1719	1.7976931348623157E308	0
1505	1.7976931348623157E308	0
1077	1.7976931348623157E308	0
1132	1.7976931348623157E308	0
4244	1.7976931348623157E308	6103
2004	1.7976931348623157E308	3
3790	1.7976931348623157E308	1629
4495	1.7976931348623157E308	0
6555	1.7976931348623157E308	0
1765	1.7976931348623157E308	0
4675	1.7976931348623157E308	2
5486	1.7976931348623157E308	7576
807	1.7976931348623157E308	0
2808	1.7976931348623157E308	37887
1195	1.7976931348623157E308	0
2239	1.7976931348623157E308	3640
4920	1.7976931348623157E308	230325
1643	1.7976931348623157E308	0
1700	1.7976931348623157E308	1778
1524	1.7976931348623157E308	31525
5602	1.7976931348623157E308	0
1987	1.7976931348623157E308	0
1322	1.7976931348623157E308	141
506	1.7976931348623157E308	6962
1633	1.7976931348623157E308	0
525	1.7976931348623157E308	0
24196	1.7976931348623157E308	0
4281	1.7976931348623157E308	0
760	1.7976931348623157E308	10063
2932	1.7976931348623157E308	0
2520	1.7976931348623157E308	12044
7678	1.7976931348623157E308	0
2722	1.7976931348623157E308	32825
2579	1.7976931348623157E308	777
5004	1.7976931348623157E308	0
2531	1.7976931348623157E308	1010
2495	1.7976931348623157E308	0
2791	1.7976931348623157E308	0
2992	1.7976931348623157E308	0
1492	1.7976931348623157E308	0
2280	1.7976931348623157E308	0
2588	1.7976931348623157E308	0
936	1.7976931348623157E308	0
1449	1.7976931348623157E308	0
5255	1.7976931348623157E308	0
536	1.7976931348623157E308	224848
2366	1.7976931348623157E308	0
1691	1.7976931348623157E308	43380
2819	1.7976931348623157E308	0
1642	1.7976931348623157E308	0
1653	1.7976931348623157E308	207
3008	1.7976931348623157E308	0
2876	1.7976931348623157E308	7070
1786	1.7976931348623157E308	39038
978	1.7976931348623157E308	0
2459	1.7976931348623157E308	0
2510	1.7976931348623157E308	23359
1222	1.7976931348623157E308	0
1350	1.7976931348623157E308	0
892	1.7976931348623157E308	0
1418	1.7976931348623157E308	0
793	1.7976931348623157E308	1513
843	1.7976931348623157E308	0
5545	1.7976931348623157E308	0
4202	1.7976931348623157E308	0
1612	1.7976931348623157E308	0
6593	1.7976931348623157E308	0
1261	1.7976931348623157E308	0
5959	1.7976931348623157E308	0
2283	1.7976931348623157E308	27919
827	1.7976931348623157E308	0
5121	1.7976931348623157E308	12162
5900	1.7976931348623157E308	0
1592	1.7976931348623157E308	0
5505	1.7976931348623157E308	1375
2478	1.7976931348623157E308	0
7675	1.7976931348623157E308	0
2505	1.7976931348623157E308	15142
702	1.7976931348623157E308	31690
6298	1.7976931348623157E308	0
1575	1.7976931348623157E308	18261
6266	1.7976931348623157E308	11355
1439	1.7976931348623157E308	11537
518	1.7976931348623157E308	0
1995	1.7976931348623157E308	0
1336	1.7976931348623157E308	170816
4965	1.7976931348623157E308	0
1227	1.7976931348623157E308	0
5549	1.7976931348623157E308	0
2080	1.7976931348623157E308	27767
46328	1.7976931348623157E308	0
2311	1.7976931348623157E308	0
1896	1.7976931348623157E308	57327
2236	1.7976931348623157E308	0
2218	1.7976931348623157E308	0
4040	1.7976931348623157E308	50
6505	1.7976931348623157E308	8417
836	1.7976931348623157E308	1096
7463	1.7976931348623157E308	0
1747	1.7976931348623157E308	6
1428	1.7976931348623157E308	0
5803	1.7976931348623157E308	0
46329	1.7976931348623157E308	0
3800	1.7976931348623157E308	0
2442	1.7976931348623157E308	0
2273	1.7976931348623157E308	4458
3960	1.7976931348623157E308	0
8933	1.7976931348623157E308	0
6541	1.7976931348623157E308	3789
695	1.7976931348623157E308	68842
2484	1.7976931348623157E308	12045
2144	1.7976931348623157E308	0
4906	1.7976931348623157E308	0
5283	1.7976931348623157E308	0
759	1.7976931348623157E308	276
2088	1.7976931348623157E308	0
1512	1.7976931348623157E308	0
6261	1.7976931348623157E308	0
2209	1.7976931348623157E308	0
1484	1.7976931348623157E308	4585
6809	1.7976931348623157E308	0
2227	1.7976931348623157E308	17847
1721	1.7976931348623157E308	0
2349	1.7976931348623157E308	8
7316	1.7976931348623157E308	0
2694	1.7976931348623157E308	0
1199	1.7976931348623157E308	15132
901	1.7976931348623157E308	7576
3967	1.7976931348623157E308	0
2940	1.7976931348623157E308	0
2270	1.7976931348623157E308	17515
856	1.7976931348623157E308	0
5956	1.7976931348623157E308	4989
5035	1.7976931348623157E308	3789
2313	1.7976931348623157E308	5818
6308	1.7976931348623157E308	0
1551	1.7976931348623157E308	0
2871	1.7976931348623157E308	11361
1674	1.7976931348623157E308	0
5867	1.7976931348623157E308	0
5811	1.7976931348623157E308	44897
675	1.7976931348623157E308	30647
2265	1.7976931348623157E308	1386
2843	1.7976931348623157E308	0
2448	1.7976931348623157E308	0
4962	1.7976931348623157E308	0
2912	1.7976931348623157E308	0
2683	1.7976931348623157E308	8194
3029	1.7976931348623157E308	0
1716	1.7976931348623157E308	2037
6827	1.7976931348623157E308	4113
1813	1.7976931348623157E308	0
4912	1.7976931348623157E308	0
2877	1.7976931348623157E308	0
2798	1.7976931348623157E308	12049
1271	1.7976931348623157E308	278
1147	1.7976931348623157E308	51848
6774	1.7976931348623157E308	0
4307	1.7976931348623157E308	0
1618	1.7976931348623157E308	1750
4418	1.7976931348623157E308	0
667	1.7976931348623157E308	15852
931	1.7976931348623157E308	6664
2979	1.7976931348623157E308	15132
921	1.7976931348623157E308	11957
2815	1.7976931348623157E308	0
2538	1.7976931348623157E308	0
4101	1.7976931348623157E308	0
688	1.7976931348623157E308	50277
44028	1.7976931348623157E308	0
4802	1.7976931348623157E308	0
8133	1.7976931348623157E308	0
1145	1.7976931348623157E308	8085
1578	1.7976931348623157E308	14755
800	1.7976931348623157E308	0
5599	1.7976931348623157E308	6257
5783	1.7976931348623157E308	1618
825	1.7976931348623157E308	1461
415	1.7976931348623157E308	0
4894	1.7976931348623157E308	0
1556	1.7976931348623157E308	0
2329	1.7976931348623157E308	18133
4597	1.7976931348623157E308	0
4398	1.7976931348623157E308	0
8995	1.7976931348623157E308	0
1772	1.7976931348623157E308	88735
5415	1.7976931348623157E308	0
8051	1.7976931348623157E308	0
5330	1.7976931348623157E308	0
1411	1.7976931348623157E308	0
2887	1.7976931348623157E308	11662
1970	1.7976931348623157E308	0
871	1.7976931348623157E308	7906
1456	1.7976931348623157E308	0
1695	1.7976931348623157E308	0
2430	1.7976931348623157E308	632
2412	1.7976931348623157E308	12126
314	1.7976931348623157E308	0
2020	1.7976931348623157E308	47494
2498	1.7976931348623157E308	3789
3037	1.7976931348623157E308	0
1399	1.7976931348623157E308	98524
2242	1.7976931348623157E308	0
5009	1.7976931348623157E308	0
5829	1.7976931348623157E308	0
2369	1.7976931348623157E308	0
5553	1.7976931348623157E308	0
2926	1.7976931348623157E308	0
2321	1.7976931348623157E308	35398
2388	1.7976931348623157E308	0
4844	1.7976931348623157E308	0
1286	1.7976931348623157E308	0
6290	1.7976931348623157E308	1810
2237	1.7976931348623157E308	0
2981	1.7976931348623157E308	0
2470	1.7976931348623157E308	13253
4411	1.7976931348623157E308	0
2523	1.7976931348623157E308	8085
2111	1.7976931348623157E308	0
2474	1.7976931348623157E308	0
2403	1.7976931348623157E308	7055
1117	1.7976931348623157E308	19187
2423	1.7976931348623157E308	5766
6601	1.7976931348623157E308	15560
2973	1.7976931348623157E308	26522
1550	1.7976931348623157E308	0
1314	1.7976931348623157E308	0
5153	1.7976931348623157E308	9279
6258	1.7976931348623157E308	0
1779	1.7976931348623157E308	0
1352	1.7976931348623157E308	0
6837	1.7976931348623157E308	8
2226	1.7976931348623157E308	2206
5266	1.7976931348623157E308	0
4345	1.7976931348623157E308	5246
7864	1.7976931348623157E308	8179
2098	1.7976931348623157E308	0
6694	1.7976931348623157E308	0
2581	1.7976931348623157E308	2584
1899	1.7976931348623157E308	0
1812	1.7976931348623157E308	0
785	1.7976931348623157E308	4162
930	1.7976931348623157E308	3789
1928	1.7976931348623157E308	0
2884	1.7976931348623157E308	0
1380	1.7976931348623157E308	28211
4028	1.7976931348623157E308	0
1828	1.7976931348623157E308	0
2723	1.7976931348623157E308	0
4298	1.7976931348623157E308	2931
771	1.7976931348623157E308	2088
4616	1.7976931348623157E308	3409
2464	1.7976931348623157E308	3789
1672	1.7976931348623157E308	3789
1469	1.7976931348623157E308	4907
2402	1.7976931348623157E308	0
6520	1.7976931348623157E308	0
2764	1.7976931348623157E308	0
2247	1.7976931348623157E308	4186
1240	1.7976931348623157E308	0
2731	1.7976931348623157E308	0
5175	1.7976931348623157E308	0
716	1.7976931348623157E308	0
1305	1.7976931348623157E308	0
2487	1.7976931348623157E308	0
6337	1.7976931348623157E308	3631
2083	1.7976931348623157E308	0
1682	1.7976931348623157E308	7574
1634	1.7976931348623157E308	197
842	1.7976931348623157E308	75
293	1.7976931348623157E308	0
223	1.7976931348623157E308	0
361	1.7976931348623157E308	0
6291	1.7976931348623157E308	268
2943	1.7976931348623157E308	0
2486	1.7976931348623157E308	0
1144	1.7976931348623157E308	23097
6768	1.7976931348623157E308	0
2856	1.7976931348623157E308	65425
2431	1.7976931348623157E308	0
183	1.7976931348623157E308	13893
1253	1.7976931348623157E308	5527
2823	1.7976931348623157E308	3715
780	1.7976931348623157E308	0
1371	1.7976931348623157E308	7434
6438	1.7976931348623157E308	0
2419	1.7976931348623157E308	16497
2252	1.7976931348623157E308	467
2836	1.7976931348623157E308	0
4393	1.7976931348623157E308	0
2507	1.7976931348623157E308	0
3897	1.7976931348623157E308	22148
979	1.7976931348623157E308	35725
1360	1.7976931348623157E308	0
2989	1.7976931348623157E308	0
8976	1.7976931348623157E308	0
311	1.7976931348623157E308	0
29857	1.7976931348623157E308	0
2700	1.7976931348623157E308	5489
2301	1.7976931348623157E308	0
8795	1.7976931348623157E308	0
512	1.7976931348623157E308	37191
4771	1.7976931348623157E308	0
1323	1.7976931348623157E308	0
1389	1.7976931348623157E308	0
2451	1.7976931348623157E308	52258
1078	1.7976931348623157E308	2191
1243	1.7976931348623157E308	24117
1268	1.7976931348623157E308	7574
6444	1.7976931348623157E308	0
1990	1.7976931348623157E308	0
1579	1.7976931348623157E308	0
5758	1.7976931348623157E308	0
1233	1.7976931348623157E308	2
2961	1.7976931348623157E308	3789
850	1.7976931348623157E308	24468
1569	1.7976931348623157E308	0
1185	1.7976931348623157E308	3789
1419	1.7976931348623157E308	3
1361	1.7976931348623157E308	2277
6429	1.7976931348623157E308	0
3025	1.7976931348623157E308	3789
2978	1.7976931348623157E308	0
1194	1.7976931348623157E308	58669
5656	1.7976931348623157E308	24392
2234	1.7976931348623157E308	39927
2145	1.7976931348623157E308	40902
1546	1.7976931348623157E308	0
1041	1.7976931348623157E308	4215
3820	1.7976931348623157E308	0
3941	1.7976931348623157E308	0
5116	1.7976931348623157E308	40368
1943	1.7976931348623157E308	0
5447	1.7976931348623157E308	0
1738	1.7976931348623157E308	0
3905	1.7976931348623157E308	15142
1776	1.7976931348623157E308	0
799	1.7976931348623157E308	17747
4571	1.7976931348623157E308	26473
2318	1.7976931348623157E308	0
5236	1.7976931348623157E308	0
2456	1.7976931348623157E308	0
964	1.7976931348623157E308	0
5209	1.7976931348623157E308	0
2134	1.7976931348623157E308	0
1746	1.7976931348623157E308	10
1915	1.7976931348623157E308	0
8847	1.7976931348623157E308	3789
4488	1.7976931348623157E308	0
710	1.7976931348623157E308	5667
1315	1.7976931348623157E308	0
14	1.7976931348623157E308	43705
60	1.7976931348623157E308	32319
5348	1.7976931348623157E308	0
5442	1.7976931348623157E308	0
6718	1.7976931348623157E308	0
595	1.7976931348623157E308	9524
46370	1.7976931348623157E308	3789
1793	1.7976931348623157E308	0
5903	1.7976931348623157E308	0
2479	1.7976931348623157E308	1594
3030	1.7976931348623157E308	0
1906	1.7976931348623157E308	0
1737	1.7976931348623157E308	0
2029	1.7976931348623157E308	0
2477	1.7976931348623157E308	0
4700	1.7976931348623157E308	0
903	1.7976931348623157E308	93663
7853	1.7976931348623157E308	1140
4850	1.7976931348623157E308	0
1127	1.7976931348623157E308	0
2374	1.7976931348623157E308	766
1710	1.7976931348623157E308	18
985	1.7976931348623157E308	36334
1935	1.7976931348623157E308	13480
1110	1.7976931348623157E308	0
814	1.7976931348623157E308	0
1884	1.7976931348623157E308	0
1332	1.7976931348623157E308	0
2298	1.7976931348623157E308	2920
3	1.7976931348623157E308	10881
2346	1.7976931348623157E308	0
6355	1.7976931348623157E308	0
2500	1.7976931348623157E308	0
2405	1.7976931348623157E308	0
4572	1.7976931348623157E308	8
2385	1.7976931348623157E308	0
2570	1.7976931348623157E308	0
6387	1.7976931348623157E308	0
2757	1.7976931348623157E308	32927
1306	1.7976931348623157E308	7574
5601	1.7976931348623157E308	2
1630	1.7976931348623157E308	0
5828	1.7976931348623157E308	0
821	1.7976931348623157E308	22674
6374	1.7976931348623157E308	0
2326	1.7976931348623157E308	11154
2759	1.7976931348623157E308	0
2560	1.7976931348623157E308	0
2384	1.7976931348623157E308	22674
5546	1.7976931348623157E308	0
5192	1.7976931348623157E308	0
6317	1.7976931348623157E308	0
4853	1.7976931348623157E308	0
2425	1.7976931348623157E308	70425
6788	1.7976931348623157E308	0
5749	1.7976931348623157E308	0
1730	1.7976931348623157E308	0
2546	1.7976931348623157E308	58558
4193	1.7976931348623157E308	0
5819	1.7976931348623157E308	0
1438	1.7976931348623157E308	0
46366	1.7976931348623157E308	0
808	1.7976931348623157E308	10148
5856	1.7976931348623157E308	0
77	1.7976931348623157E308	9243
2019	1.7976931348623157E308	31335
3801	1.7976931348623157E308	4
5818	1.7976931348623157E308	0
1331	1.7976931348623157E308	0
4618	1.7976931348623157E308	0
1302	1.7976931348623157E308	1555
1202	1.7976931348623157E308	13366
4272	1.7976931348623157E308	0
2541	1.7976931348623157E308	7574
2339	1.7976931348623157E308	4256
2729	1.7976931348623157E308	5127
2689	1.7976931348623157E308	0
2026	1.7976931348623157E308	979
1751	1.7976931348623157E308	0
2708	1.7976931348623157E308	0
2533	1.7976931348623157E308	13590
6384	1.7976931348623157E308	0
5627	1.7976931348623157E308	0
1410	1.7976931348623157E308	14798
2467	1.7976931348623157E308	15083
1232	1.7976931348623157E308	0
4929	1.7976931348623157E308	0
1345	1.7976931348623157E308	0
2101	1.7976931348623157E308	0
689	1.7976931348623157E308	0
3891	1.7976931348623157E308	631
5923	1.7976931348623157E308	6923
1040	1.7976931348623157E308	35856
1856	1.7976931348623157E308	0
4381	1.7976931348623157E308	0
1192	1.7976931348623157E308	4561
4165	1.7976931348623157E308	0
2078	1.7976931348623157E308	0
5588	1.7976931348623157E308	0
1602	1.7976931348623157E308	0
1907	1.7976931348623157E308	3789
2093	1.7976931348623157E308	0
1559	1.7976931348623157E308	995
647	1.7976931348623157E308	0
4711	1.7976931348623157E308	0
1502	1.7976931348623157E308	0
2147	1.7976931348623157E308	0
3913	1.7976931348623157E308	0
1574	1.7976931348623157E308	0
6510	1.7976931348623157E308	0
2518	1.7976931348623157E308	9359
2416	1.7976931348623157E308	0
1625	1.7976931348623157E308	7958
6437	1.7976931348623157E308	11355
1894	1.7976931348623157E308	0
2635	1.7976931348623157E308	3789
6532	1.7976931348623157E308	15132
592	1.7976931348623157E308	22854
594	1.7976931348623157E308	7576
1295	1.7976931348623157E308	10983
813	1.7976931348623157E308	0
2211	1.7976931348623157E308	0
5459	1.7976931348623157E308	0
5619	1.7976931348623157E308	0
2359	1.7976931348623157E308	0
5859	1.7976931348623157E308	0
4839	1.7976931348623157E308	0
4679	1.7976931348623157E308	0
2293	1.7976931348623157E308	15084
2503	1.7976931348623157E308	0
1241	1.7976931348623157E308	0
915	1.7976931348623157E308	7574
1589	1.7976931348623157E308	251
2945	1.7976931348623157E308	0
744	1.7976931348623157E308	15138
6467	1.7976931348623157E308	0
717	1.7976931348623157E308	0
943	1.7976931348623157E308	0
8264	1.7976931348623157E308	0
2513	1.7976931348623157E308	0
957	1.7976931348623157E308	0
1774	1.7976931348623157E308	0
1313	1.7976931348623157E308	0
1841	1.7976931348623157E308	0
4373	1.7976931348623157E308	0
1530	1.7976931348623157E308	1571
2540	1.7976931348623157E308	0
2952	1.7976931348623157E308	0
4942	1.7976931348623157E308	0
5899	1.7976931348623157E308	632
2826	1.7976931348623157E308	0
4792	1.7976931348623157E308	327
1496	1.7976931348623157E308	0
851	1.7976931348623157E308	20035
5310	1.7976931348623157E308	0
4873	1.7976931348623157E308	0
5950	1.7976931348623157E308	0
2748	1.7976931348623157E308	0
1547	1.7976931348623157E308	14991
1013	1.7976931348623157E308	3789
1274	1.7976931348623157E308	1841
6842	1.7976931348623157E308	0
2918	1.7976931348623157E308	0
1353	1.7976931348623157E308	3789
1104	1.7976931348623157E308	0
3036	1.7976931348623157E308	0
1729	1.7976931348623157E308	1881
1466	1.7976931348623157E308	0
2291	1.7976931348623157E308	23550
6583	1.7976931348623157E308	0
1525	1.7976931348623157E308	1748
2328	1.7976931348623157E308	0
195	1.7976931348623157E308	8349
1690	1.7976931348623157E308	0
5405	1.7976931348623157E308	0
4453	1.7976931348623157E308	0
2528	1.7976931348623157E308	0
1494	1.7976931348623157E308	0
2255	1.7976931348623157E308	0
1720	1.7976931348623157E308	0
6464	1.7976931348623157E308	0
1701	1.7976931348623157E308	0
2607	1.7976931348623157E308	129
1459	1.7976931348623157E308	12312
4403	1.7976931348623157E308	0
1429	1.7976931348623157E308	0
4849	1.7976931348623157E308	0
4020	1.7976931348623157E308	0
2397	0.0	0
